alg    = 2
n      = 1192514
qn     = 200
d      = 100
p      = 2.0
zeta   = 0.0
c      = 1.8
dtype  = float32
prefix = /data/kabir/similarity-search/dataset/glove
folder = ../results/glove/c=1.75_p=2.0/

Load data and query: 0.320158 Seconds

Parameters of QALSH:
n     = 1192514
d     = 100
p     = 2.0
zeta  = 0.0
c     = 1.8
w     = 2.578286
m     = 126
l     = 94

Indexing Time = 27.596920 Seconds
Estimated Mem = 1146.416260 MB

k-NN Search by QALSH:
Top-k		Ratio		Time (ms)	Recall (%)	MAP (%)
20		1.0279		160.569		44.099998		0.345880

