alg    = 2
n      = 1192514
qn     = 200
d      = 100
p      = 2.0
zeta   = 0.0
c      = 2.0
dtype  = float32
prefix = /data/kabir/similarity-search/dataset/glove
folder = ../results/glove/c=2.0_p=2.0/

Load data and query: 0.301985 Seconds

Parameters of QALSH:
n     = 1192514
d     = 100
p     = 2.0
zeta  = 0.0
c     = 2.0
w     = 2.719112
m     = 84
l     = 63

Indexing Time = 18.405935 Seconds
Estimated Mem = 764.277527 MB

k-NN Search by QALSH:
Top-k		Ratio		Time (ms)	Recall (%)	MAP (%)
20		1.0485		101.931		32.000000		0.236633

